1001
1002
1003
1004
1005
1006
1007
1008
1009
1010
1011
1012
1013
1014
1015
1016
1017
1018
1020
1021
1022
1023
1024
1025
1026
1027
1028
1029
1030
1031
1032
1033
1035
2001
2002
2003
2004
2005
2006
2007
2008
2009
2010
2011
2012
2013
2014
2015
2016
2017
2018
2019
2020
2021
2022
2023
2024
2025
2026
2027
2028
2029
2030
2031
2032
2033
3001
3002
3003
3004
3005
3007
3008
3009
3010
3012
3013
3014
3015
3017
3018
3019
3020
3021
3022
3024
3025
3026
3027
3028
3030
3031
3032
3034
3035
3036
3037
3038
3039
3040
3041
3042
3043
3044
3045
3047
3048
3049
3050
3051
3052
3054
3055
3056
3057
3058
3059
3060
3061
3062
3063
3065
3066
3067
3068
3069
3070
3071
3072
3073
3074
3075
3076
3077
3078
3079
3080
3081
3082
3083
3085
3086
3088
3089
3091
3092
3093
3094
3095
3096
3097
3098
3099
3100
3101
3102
3103
3104
3105
3106
3108
3109
3110
3111
3112
3113
3114
3115
3116
3117
3118
3119
